B,M
0.1236,0.8764
