x0,x1,x2,x3,x4,x5,x6,x7,x8,x9,x10,x11,x12,x13,x14,x15,x16,x17,x18,x19,x20,x21,x22,x23,x24,x25,x26,x27,x28,x29,x30,x31,x32,x33,x34,x35,x36,x37,x38,x39,x40,x41,x42,x43,x44,x45,x46,x47,x48,x49,x50,x51,x52,x53,x54,x55,x56,x57,x58,x59,class
0.0114,0.0222,0.0269,0.0384,0.1217,0.2062,0.1489,0.0929,0.135,0.1799,0.2486,0.2973,0.3672,0.4394,0.5258,0.6755,0.7402,0.8284,0.9033,0.9584,1.0,0.9982,0.8899,0.7493,0.6367,0.6744,0.7207,0.6821,0.5512,0.4789,0.3924,0.2533,0.1089,0.139,0.2551,0.3301,0.2818,0.2142,0.2266,0.2142,0.2354,0.2871,0.2596,0.1925,0.1256,0.1003,0.0951,0.121,0.0728,0.0174,0.0213,0.0269,0.0152,0.0257,0.0097,0.0041,0.005,0.0145,0.0103,0.0025,M
0.0211,0.0128,0.0015,0.045,0.0711,0.1563,0.1518,0.1206,0.1666,0.1345,0.0785,0.0367,0.1227,0.2614,0.428,0.6122,0.7435,0.813,0.9006,0.9603,0.9162,0.914,0.7851,0.5134,0.3439,0.32899999999999996,0.2571,0.3685,0.5765,0.619,0.4613,0.3615,0.4434,0.3864,0.3093,0.2138,0.1112,0.1386,0.1523,0.0996,0.1644,0.1902,0.1313,0.1776,0.2,0.0765,0.0727,0.0749,0.0449,0.0134,0.0174,0.0117,0.0023,0.0047,0.0049,0.0031,0.0024,0.0039,0.0051,0.0015,M
0.0134,0.0172,0.0178,0.0363,0.0444,0.0744,0.08,0.0456,0.0368,0.125,0.2405,0.2325,0.2523,0.1472,0.0669,0.11,0.2353,0.3282,0.4416,0.5167,0.6508,0.7793,0.7978,0.7786,0.8587,0.9321,0.9454,0.8645,0.722,0.485,0.1357,0.2951,0.4715,0.6036,0.8083,0.987,0.88,0.6411,0.4276,0.2702,0.2642,0.3342,0.4335,0.4542,0.396,0.2525,0.1084,0.0372,0.0286,0.0099,0.0046,0.0094,0.0048,0.0047,0.0016,0.0008,0.0042,0.0024,0.0027,0.0041,M
0.0414,0.0436,0.0447,0.0844,0.0419,0.1215,0.2002,0.1516,0.0818,0.1975,0.2309,0.3025,0.3938,0.505,0.5872,0.6609999999999999,0.7417,0.8006,0.8456,0.7939,0.8804,0.8384,0.7852,0.8479,0.7434,0.6433,0.5514,0.3519,0.3168,0.3346,0.2056,0.1032,0.3168,0.40399999999999997,0.4282,0.4538,0.3704,0.3741,0.3839,0.3494,0.43799999999999994,0.4265,0.2854,0.2808,0.2395,0.0369,0.0805,0.0541,0.0177,0.0065,0.0222,0.0045,0.0136,0.0113,0.0053,0.0165,0.0141,0.0077,0.0246,0.0198,M
0.005,0.0017,0.027000000000000003,0.045,0.0958,0.083,0.0879,0.122,0.1977,0.2282,0.2521,0.3484,0.3309,0.2614,0.1782,0.2055,0.2298,0.3545,0.6218,0.7265,0.8346,0.8268,0.8366,0.9408,0.951,0.9801,0.9974,1.0,0.9036,0.6409,0.3857,0.2908,0.204,0.1653,0.1769,0.114,0.07400000000000001,0.0941,0.0621,0.0426,0.0572,0.1068,0.1909,0.2229,0.2203,0.2265,0.1766,0.1097,0.0558,0.0142,0.0281,0.0165,0.0056,0.001,0.0027,0.0062,0.0024,0.0063,0.0017,0.0028,M
0.005,0.0017,0.027000000000000003,0.045,0.0958,0.083,0.0879,0.122,0.1977,0.2282,0.2521,0.3484,0.3309,0.2614,0.1782,0.2055,0.2298,0.3545,0.6218,0.7265,0.8346,0.8268,0.8366,0.9408,0.951,0.9801,0.9974,1.0,0.9036,0.6409,0.3857,0.2908,0.204,0.1653,0.1769,0.114,0.07400000000000001,0.0941,0.0621,0.0426,0.0572,0.1068,0.1909,0.2229,0.2203,0.2265,0.1766,0.1097,0.0558,0.0142,0.0281,0.0165,0.0056,0.001,0.0027,0.0062,0.0024,0.0063,0.0017,0.0028,M
0.0443,0.0446,0.0235,0.1008,0.2252,0.2611,0.2061,0.1668,0.1801,0.3083,0.3794,0.5364,0.6173,0.7842,0.8392,0.9016,1.0,0.8911,0.8753,0.7886,0.7156,0.7581,0.6372,0.321,0.2076,0.2279,0.3309,0.2847,0.1949,0.1671,0.1025,0.1362,0.2212,0.1124,0.1677,0.1039,0.2562,0.2624,0.2236,0.11800000000000001,0.1103,0.2831,0.2385,0.0255,0.1967,0.1483,0.0434,0.0627,0.0513,0.0473,0.0248,0.0274,0.0205,0.0141,0.0185,0.0055,0.0045,0.0115,0.0152,0.01,M
0.0094,0.0611,0.1136,0.1203,0.0403,0.1227,0.2495,0.4566,0.6587,0.5079,0.335,0.0834,0.3004,0.3957,0.3769,0.3828,0.1247,0.1363,0.2678,0.9188,0.9779,0.3236,0.1944,0.1874,0.0885,0.3443,0.2953,0.5908,0.4564,0.7334,0.1969,0.27899999999999997,0.6212,0.8681,0.8621,0.938,0.8327,0.948,0.6721,0.4436,0.5163,0.3809,0.1557,0.1449,0.2662,0.1806,0.1699,0.2559,0.1129,0.0201,0.048,0.0234,0.0175,0.0352,0.0158,0.0326,0.0201,0.0168,0.0245,0.0154,M
0.0047,0.0059,0.008,0.0554,0.0883,0.1278,0.1674,0.1373,0.2922,0.3469,0.3265,0.3263,0.2301,0.1253,0.2102,0.2401,0.1928,0.1673,0.1228,0.0902,0.1557,0.3291,0.5268,0.674,0.7906,0.8938,0.9395,0.9493,0.904,0.9151,0.8828,0.8086,0.718,0.672,0.6447,0.6879,0.6241,0.4936,0.4144,0.424,0.4546,0.4392,0.4323,0.4921,0.47100000000000003,0.3196,0.2241,0.1806,0.099,0.0251,0.0129,0.0095,0.0126,0.0069,0.0039,0.0068,0.006,0.0045,0.0002,0.0029,M
0.0491,0.0279,0.0592,0.127,0.1772,0.1908,0.2217,0.0768,0.1246,0.2028,0.0947,0.2497,0.2209,0.3195,0.33399999999999996,0.3323,0.278,0.2975,0.2948,0.1729,0.3264,0.3834,0.3523,0.541,0.5228,0.4475,0.534,0.5323,0.3907,0.3456,0.4091,0.4639,0.5579999999999999,0.5727,0.6355,0.7563,0.6903,0.6176,0.5379,0.5622,0.6508,0.4797,0.3736,0.2804,0.1982,0.2438,0.1789,0.1706,0.0762,0.0238,0.0268,0.0081,0.0129,0.0161,0.0063,0.0119,0.0194,0.013999999999999999,0.0332,0.0439,M
0.0047,0.0059,0.008,0.0554,0.0883,0.1278,0.1674,0.1373,0.2922,0.3469,0.3265,0.3263,0.2301,0.1253,0.2102,0.2401,0.1928,0.1673,0.1228,0.0902,0.1557,0.3291,0.5268,0.674,0.7906,0.8938,0.9395,0.9493,0.904,0.9151,0.8828,0.8086,0.718,0.672,0.6447,0.6879,0.6241,0.4936,0.4144,0.424,0.4546,0.4392,0.4323,0.4921,0.47100000000000003,0.3196,0.2241,0.1806,0.099,0.0251,0.0129,0.0095,0.0126,0.0069,0.0039,0.0068,0.006,0.0045,0.0002,0.0029,M
0.043,0.0902,0.0833,0.0813,0.0165,0.0277,0.0569,0.2057,0.3887,0.7106,0.7342,0.5033,0.3,0.1951,0.2767,0.3737,0.2507,0.2507,0.3292,0.4871,0.6527,0.8454,0.9739,1.0,0.6665,0.5323,0.4024,0.3444,0.4239,0.4182,0.4393,0.1162,0.4336,0.6553,0.6172,0.4373,0.4118,0.3641,0.4572,0.4367,0.2964,0.4312,0.4155,0.1824,0.1487,0.0138,0.1164,0.2052,0.1069,0.0199,0.0208,0.0176,0.0197,0.021,0.0141,0.0049,0.0027,0.0162,0.0059,0.0021,M
0.0164,0.0627,0.0738,0.0608,0.0233,0.1048,0.1338,0.0644,0.1522,0.078,0.1791,0.2681,0.1788,0.1039,0.198,0.3234,0.3748,0.2586,0.368,0.3508,0.5606,0.5231,0.5469,0.6954,0.6352,0.6757,0.8499,0.8025,0.6563,0.8591,0.6655,0.5369,0.3118,0.3763,0.2801,0.0875,0.3319,0.4237,0.1801,0.3743,0.4627,0.1614,0.2494,0.3202,0.2265,0.1146,0.0476,0.0943,0.0824,0.0171,0.0244,0.0258,0.0143,0.0226,0.0187,0.0185,0.011000000000000001,0.0094,0.0078,0.0112,M
0.0329,0.0216,0.0386,0.0627,0.1158,0.1482,0.2054,0.1605,0.2532,0.2672,0.3056,0.3161,0.2314,0.2067,0.1804,0.2808,0.4423,0.5947,0.6601,0.5844,0.4539,0.4789,0.5646,0.5281,0.7115,1.0,0.9564,0.609,0.5112,0.4,0.0482,0.1852,0.2186,0.1436,0.1757,0.1428,0.1644,0.3089,0.3648,0.4441,0.3859,0.2813,0.1238,0.0953,0.1201,0.0825,0.0618,0.0141,0.0108,0.0124,0.0104,0.0095,0.0151,0.0059,0.0015,0.0053,0.0016,0.0042,0.0053,0.0074,M
0.0094,0.0611,0.1136,0.1203,0.0403,0.1227,0.2495,0.4566,0.6587,0.5079,0.335,0.0834,0.3004,0.3957,0.3769,0.3828,0.1247,0.1363,0.2678,0.9188,0.9779,0.3236,0.1944,0.1874,0.0885,0.3443,0.2953,0.5908,0.4564,0.7334,0.1969,0.27899999999999997,0.6212,0.8681,0.8621,0.938,0.8327,0.948,0.6721,0.4436,0.5163,0.3809,0.1557,0.1449,0.2662,0.1806,0.1699,0.2559,0.1129,0.0201,0.048,0.0234,0.0175,0.0352,0.0158,0.0326,0.0201,0.0168,0.0245,0.0154,M
0.0135,0.0045,0.0051,0.0289,0.0561,0.0929,0.1031,0.0883,0.1596,0.1908,0.1576,0.1112,0.1197,0.1174,0.1415,0.2215,0.2658,0.2713,0.3862,0.5717,0.6797,0.8747,1.0,0.8948,0.8420000000000001,0.9174,0.9307,0.905,0.8228,0.6986,0.5831,0.4924,0.4563,0.5159,0.5670000000000001,0.5284,0.5144,0.3742,0.2282,0.1193,0.1088,0.0431,0.107,0.0583,0.0046,0.0473,0.0408,0.028999999999999998,0.0192,0.0094,0.0025,0.0037,0.0084,0.0102,0.0096,0.0024,0.0037,0.0028,0.003,0.003,R
0.0099,0.0484,0.0299,0.0297,0.0652,0.1077,0.2363,0.2385,0.0075,0.1882,0.1456,0.1892,0.3176,0.134,0.2169,0.2458,0.2589,0.2786,0.2298,0.0656,0.1441,0.1179,0.1668,0.1783,0.2476,0.257,0.1036,0.5356,0.7124,0.6291,0.4756,0.6015,0.7208,0.6234,0.5725,0.7523,0.8712,0.9252,0.9709,0.9297,0.8995,0.7911,0.56,0.2838,0.4407,0.5507,0.4331,0.2905,0.1981,0.0779,0.0396,0.0173,0.0149,0.0115,0.0202,0.0139,0.0029,0.016,0.0106,0.0134,R
0.0181,0.0146,0.0026,0.0141,0.0421,0.0473,0.0361,0.0741,0.1398,0.1045,0.0904,0.0671,0.0997,0.1056,0.0346,0.1231,0.1626,0.3652,0.3262,0.2995,0.2109,0.2104,0.2085,0.2282,0.0747,0.1969,0.4086,0.6385,0.797,0.7508,0.5517,0.2214,0.4672,0.4479,0.2297,0.3235,0.44799999999999995,0.5581,0.652,0.5354,0.2478,0.2268,0.1788,0.0898,0.0536,0.0374,0.099,0.0956,0.0317,0.0142,0.0076,0.0223,0.0255,0.0145,0.0233,0.0041,0.0018,0.0048,0.0089,0.0085,R
0.0298,0.0615,0.065,0.0921,0.1615,0.2294,0.2176,0.2033,0.1459,0.0852,0.2476,0.3645,0.2777,0.2826,0.3237,0.4335,0.5638,0.4555,0.4348,0.6433,0.3932,0.1989,0.354,0.9165,0.9371,0.462,0.2771,0.6613,0.8028,0.42,0.5192,0.6962,0.5792,0.8889,0.7863,0.7133,0.7615,0.4401,0.3009,0.3163,0.2809,0.2898,0.0526,0.1867,0.1553,0.1633,0.1252,0.0748,0.0452,0.0064,0.0154,0.0031,0.0153,0.0071,0.0212,0.0076,0.0152,0.0049,0.02,0.0073,R
0.0195,0.0142,0.0181,0.0406,0.0391,0.0249,0.0892,0.0973,0.084,0.1191,0.1522,0.1322,0.1434,0.1244,0.0653,0.08900000000000001,0.1226,0.1846,0.38799999999999996,0.3658,0.2297,0.261,0.4193,0.5848,0.5643,0.5448,0.4772,0.6897,0.9797,1.0,0.9546,0.8835,0.7662,0.6547,0.5447,0.4593,0.4679,0.1987,0.0699,0.1493,0.1713,0.1654,0.26,0.3846,0.3754,0.2414,0.1077,0.0224,0.0155,0.0187,0.0125,0.0028,0.0067,0.012,0.0012,0.0022,0.0058,0.0042,0.0067,0.0012,R
0.0108,0.0086,0.0058,0.046,0.0752,0.0887,0.1015,0.0494,0.0472,0.0393,0.1106,0.1412,0.2202,0.2976,0.4116,0.4754,0.539,0.6279,0.706,0.7918,0.9493,1.0,0.9645,0.9432,0.8658,0.7895,0.6501,0.4492,0.4739,0.6153,0.4929,0.3195,0.3735,0.3336,0.1052,0.0671,0.0379,0.0461,0.1694,0.2169,0.1677,0.0644,0.0159,0.0778,0.0653,0.021,0.0509,0.0387,0.0262,0.0101,0.0161,0.0029,0.0078,0.0114,0.0083,0.0058,0.0003,0.0023,0.0026,0.0027,R
0.02,0.0371,0.0428,0.0207,0.0954,0.0986,0.1539,0.1601,0.3109,0.2111,0.1609,0.1582,0.2238,0.0645,0.066,0.2273,0.31,0.2999,0.5078,0.4797,0.5783,0.5071,0.4328,0.555,0.6711,0.6415,0.7104,0.8079999999999999,0.6791,0.3857,0.1307,0.2604,0.5121,0.7547,0.8537,0.8507,0.6692,0.6097,0.4943,0.2744,0.051,0.2834,0.2825,0.4256,0.2641,0.1386,0.1051,0.1343,0.0383,0.0324,0.0232,0.0027,0.0065,0.0159,0.0072,0.0167,0.018000000000000002,0.0084,0.009000000000000001,0.0032,R
0.0373,0.0281,0.0232,0.0225,0.0179,0.0733,0.0841,0.1031,0.0993,0.0802,0.1564,0.2565,0.2624,0.1179,0.0597,0.1563,0.2241,0.3586,0.1792,0.3256,0.6079,0.6988,0.8391,0.8553,0.7709999999999999,0.6215,0.5736,0.4402,0.4056,0.4411,0.513,0.5965,0.7272,0.6539,0.5902,0.5393,0.4897,0.4081,0.4145,0.6003,0.7196,0.6633,0.6287,0.4087,0.3212,0.2518,0.1482,0.0988,0.0317,0.0269,0.0066,0.0008,0.0045,0.0024,0.0006,0.0073,0.0096,0.0054,0.0085,0.006,R
0.013000000000000001,0.0006,0.0088,0.0456,0.0525,0.0778,0.0931,0.0941,0.1711,0.1483,0.1532,0.11,0.08900000000000001,0.1236,0.1197,0.1145,0.2137,0.2838,0.364,0.5429999999999999,0.6673,0.7979,0.9273,0.9027,0.9192,1.0,0.9821,0.9092,0.8184,0.6962,0.59,0.5447,0.5142,0.5389,0.5531,0.5318,0.4826,0.379,0.1831,0.175,0.1679,0.0674,0.0609,0.0375,0.0533,0.0278,0.0179,0.0114,0.0073,0.0116,0.0092,0.0078,0.0041,0.0013,0.0011,0.0045,0.0039,0.0022,0.0023,0.0016,R
0.0265,0.044000000000000004,0.0137,0.0084,0.0305,0.0438,0.0341,0.078,0.0844,0.0779,0.0327,0.20600000000000002,0.1908,0.1065,0.1457,0.2232,0.207,0.1105,0.1078,0.1165,0.2224,0.0689,0.20600000000000002,0.2384,0.0904,0.2278,0.5872,0.8457,0.8467,0.7679,0.8055,0.626,0.6545,0.8747,0.9885,0.9348,0.696,0.5733,0.5872,0.6663,0.5651,0.5247,0.3684,0.1997,0.1512,0.0508,0.0931,0.0982,0.0524,0.0188,0.01,0.0038,0.0187,0.0156,0.0068,0.0097,0.0073,0.0081,0.0086,0.0095,R
0.0126,0.0519,0.0621,0.0518,0.1072,0.2587,0.2304,0.2067,0.3416,0.4284,0.3015,0.1207,0.3299,0.5707,0.6962,0.9751,1.0,0.9293,0.621,0.4586,0.5001,0.5032,0.7082,0.8420000000000001,0.8109,0.769,0.8105,0.6203,0.2356,0.2595,0.6299,0.6762,0.2903,0.4393,0.8529,0.718,0.4801,0.5856,0.4993,0.2866,0.0601,0.1167,0.2737,0.2812,0.2078,0.066,0.0491,0.0345,0.0172,0.0287,0.0027,0.0208,0.0048,0.0199,0.0126,0.0022,0.0037,0.0034,0.0114,0.0077,R
0.0459,0.0437,0.0347,0.0456,0.0067,0.08900000000000001,0.1798,0.1741,0.1598,0.1408,0.2693,0.3259,0.4545,0.5785,0.4471,0.2231,0.2164,0.3201,0.2915,0.4235,0.446,0.23800000000000002,0.6415,0.8966,0.8918,0.7529,0.6838,0.8390000000000001,1.0,0.8362,0.5427,0.4577,0.8067,0.6973,0.3915,0.1558,0.1598,0.2161,0.5178,0.4782,0.2344,0.3599,0.2785,0.1807,0.0352,0.0473,0.0322,0.0408,0.0163,0.0088,0.0121,0.0067,0.0032,0.0109,0.0164,0.0151,0.006999999999999999,0.0085,0.0117,0.0056,R
0.0119,0.0582,0.0623,0.06,0.1397,0.1883,0.1422,0.1447,0.0487,0.0864,0.2143,0.37200000000000005,0.2665,0.2113,0.1103,0.1136,0.1934,0.4142,0.3279,0.6222,0.7468,0.7676,0.7867,0.8253,1.0,0.9481,0.7539,0.6008,0.5437,0.5387,0.5619,0.5141,0.6084,0.5621,0.5956,0.6078,0.5025,0.2829,0.0477,0.2811,0.3422,0.5147,0.4372,0.247,0.1708,0.1343,0.0838,0.0755,0.0304,0.0074,0.0069,0.0025,0.0103,0.0074,0.0123,0.0069,0.0076,0.0073,0.003,0.0138,R
0.0373,0.0281,0.0232,0.0225,0.0179,0.0733,0.0841,0.1031,0.0993,0.0802,0.1564,0.2565,0.2624,0.1179,0.0597,0.1563,0.2241,0.3586,0.1792,0.3256,0.6079,0.6988,0.8391,0.8553,0.7709999999999999,0.6215,0.5736,0.4402,0.4056,0.4411,0.513,0.5965,0.7272,0.6539,0.5902,0.5393,0.4897,0.4081,0.4145,0.6003,0.7196,0.6633,0.6287,0.4087,0.3212,0.2518,0.1482,0.0988,0.0317,0.0269,0.0066,0.0008,0.0045,0.0024,0.0006,0.0073,0.0096,0.0054,0.0085,0.006,R
0.0298,0.0615,0.065,0.0921,0.1615,0.2294,0.2176,0.2033,0.1459,0.0852,0.2476,0.3645,0.2777,0.2826,0.3237,0.4335,0.5638,0.4555,0.4348,0.6433,0.3932,0.1989,0.354,0.9165,0.9371,0.462,0.2771,0.6613,0.8028,0.42,0.5192,0.6962,0.5792,0.8889,0.7863,0.7133,0.7615,0.4401,0.3009,0.3163,0.2809,0.2898,0.0526,0.1867,0.1553,0.1633,0.1252,0.0748,0.0452,0.0064,0.0154,0.0031,0.0153,0.0071,0.0212,0.0076,0.0152,0.0049,0.02,0.0073,R
0.0099,0.0484,0.0299,0.0297,0.0652,0.1077,0.2363,0.2385,0.0075,0.1882,0.1456,0.1892,0.3176,0.134,0.2169,0.2458,0.2589,0.2786,0.2298,0.0656,0.1441,0.1179,0.1668,0.1783,0.2476,0.257,0.1036,0.5356,0.7124,0.6291,0.4756,0.6015,0.7208,0.6234,0.5725,0.7523,0.8712,0.9252,0.9709,0.9297,0.8995,0.7911,0.56,0.2838,0.4407,0.5507,0.4331,0.2905,0.1981,0.0779,0.0396,0.0173,0.0149,0.0115,0.0202,0.0139,0.0029,0.016,0.0106,0.0134,R
0.0298,0.0615,0.065,0.0921,0.1615,0.2294,0.2176,0.2033,0.1459,0.0852,0.2476,0.3645,0.2777,0.2826,0.3237,0.4335,0.5638,0.4555,0.4348,0.6433,0.3932,0.1989,0.354,0.9165,0.9371,0.462,0.2771,0.6613,0.8028,0.42,0.5192,0.6962,0.5792,0.8889,0.7863,0.7133,0.7615,0.4401,0.3009,0.3163,0.2809,0.2898,0.0526,0.1867,0.1553,0.1633,0.1252,0.0748,0.0452,0.0064,0.0154,0.0031,0.0153,0.0071,0.0212,0.0076,0.0152,0.0049,0.02,0.0073,R
0.02,0.0371,0.0428,0.0207,0.0954,0.0986,0.1539,0.1601,0.3109,0.2111,0.1609,0.1582,0.2238,0.0645,0.066,0.2273,0.31,0.2999,0.5078,0.4797,0.5783,0.5071,0.4328,0.555,0.6711,0.6415,0.7104,0.8079999999999999,0.6791,0.3857,0.1307,0.2604,0.5121,0.7547,0.8537,0.8507,0.6692,0.6097,0.4943,0.2744,0.051,0.2834,0.2825,0.4256,0.2641,0.1386,0.1051,0.1343,0.0383,0.0324,0.0232,0.0027,0.0065,0.0159,0.0072,0.0167,0.018000000000000002,0.0084,0.009000000000000001,0.0032,R
0.0181,0.0146,0.0026,0.0141,0.0421,0.0473,0.0361,0.0741,0.1398,0.1045,0.0904,0.0671,0.0997,0.1056,0.0346,0.1231,0.1626,0.3652,0.3262,0.2995,0.2109,0.2104,0.2085,0.2282,0.0747,0.1969,0.4086,0.6385,0.797,0.7508,0.5517,0.2214,0.4672,0.4479,0.2297,0.3235,0.44799999999999995,0.5581,0.652,0.5354,0.2478,0.2268,0.1788,0.0898,0.0536,0.0374,0.099,0.0956,0.0317,0.0142,0.0076,0.0223,0.0255,0.0145,0.0233,0.0041,0.0018,0.0048,0.0089,0.0085,R
0.0124,0.0433,0.0604,0.0449,0.0597,0.0355,0.0531,0.0343,0.1052,0.212,0.16399999999999998,0.1901,0.3026,0.2019,0.0592,0.239,0.3657,0.3809,0.5929,0.6299,0.5801,0.4574,0.4449,0.3691,0.6446,0.894,0.8978,0.498,0.3333,0.235,0.1553,0.3666,0.434,0.3082,0.3024,0.4109,0.5501,0.4129,0.5499,0.5018,0.3132,0.2802,0.2351,0.2298,0.1155,0.0724,0.0621,0.0318,0.045,0.0167,0.0078,0.0083,0.0057,0.0174,0.0188,0.0054,0.0114,0.0196,0.0147,0.0062,R
0.0126,0.0519,0.0621,0.0518,0.1072,0.2587,0.2304,0.2067,0.3416,0.4284,0.3015,0.1207,0.3299,0.5707,0.6962,0.9751,1.0,0.9293,0.621,0.4586,0.5001,0.5032,0.7082,0.8420000000000001,0.8109,0.769,0.8105,0.6203,0.2356,0.2595,0.6299,0.6762,0.2903,0.4393,0.8529,0.718,0.4801,0.5856,0.4993,0.2866,0.0601,0.1167,0.2737,0.2812,0.2078,0.066,0.0491,0.0345,0.0172,0.0287,0.0027,0.0208,0.0048,0.0199,0.0126,0.0022,0.0037,0.0034,0.0114,0.0077,R
0.0308,0.0339,0.0202,0.0889,0.157,0.175,0.092,0.1353,0.1593,0.2795,0.3336,0.294,0.1608,0.3335,0.4985,0.7295,0.735,0.8253,0.8793,0.9657,1.0,0.8707,0.6471,0.5973,0.8218,0.7755,0.6111,0.4195,0.299,0.1354,0.2438,0.5624,0.5555,0.6963,0.7298,0.7022,0.5468,0.1421,0.4738,0.6409999999999999,0.4375,0.3178,0.2377,0.2808,0.1374,0.1136,0.1034,0.0688,0.0422,0.0117,0.006999999999999999,0.0167,0.0127,0.0138,0.009000000000000001,0.0051,0.0029,0.0122,0.0056,0.002,R
0.0099,0.0484,0.0299,0.0297,0.0652,0.1077,0.2363,0.2385,0.0075,0.1882,0.1456,0.1892,0.3176,0.134,0.2169,0.2458,0.2589,0.2786,0.2298,0.0656,0.1441,0.1179,0.1668,0.1783,0.2476,0.257,0.1036,0.5356,0.7124,0.6291,0.4756,0.6015,0.7208,0.6234,0.5725,0.7523,0.8712,0.9252,0.9709,0.9297,0.8995,0.7911,0.56,0.2838,0.4407,0.5507,0.4331,0.2905,0.1981,0.0779,0.0396,0.0173,0.0149,0.0115,0.0202,0.0139,0.0029,0.016,0.0106,0.0134,R
0.0087,0.0046,0.0081,0.023,0.0586,0.0682,0.0993,0.0717,0.0576,0.0818,0.1315,0.1862,0.2789,0.2579,0.22399999999999998,0.2568,0.2933,0.2991,0.3924,0.4691,0.5665,0.6464,0.6774,0.7577,0.8856,0.9419,1.0,0.8564,0.679,0.5587,0.4147,0.2946,0.2025,0.0688,0.1171,0.2157,0.2216,0.2776,0.2309,0.1444,0.1513,0.1745,0.1756,0.1424,0.0908,0.0138,0.0469,0.048,0.0159,0.0045,0.0015,0.0052,0.0038,0.0079,0.0114,0.005,0.003,0.0064,0.0058,0.003,R
0.0087,0.0046,0.0081,0.023,0.0586,0.0682,0.0993,0.0717,0.0576,0.0818,0.1315,0.1862,0.2789,0.2579,0.22399999999999998,0.2568,0.2933,0.2991,0.3924,0.4691,0.5665,0.6464,0.6774,0.7577,0.8856,0.9419,1.0,0.8564,0.679,0.5587,0.4147,0.2946,0.2025,0.0688,0.1171,0.2157,0.2216,0.2776,0.2309,0.1444,0.1513,0.1745,0.1756,0.1424,0.0908,0.0138,0.0469,0.048,0.0159,0.0045,0.0015,0.0052,0.0038,0.0079,0.0114,0.005,0.003,0.0064,0.0058,0.003,R
0.0459,0.0437,0.0347,0.0456,0.0067,0.08900000000000001,0.1798,0.1741,0.1598,0.1408,0.2693,0.3259,0.4545,0.5785,0.4471,0.2231,0.2164,0.3201,0.2915,0.4235,0.446,0.23800000000000002,0.6415,0.8966,0.8918,0.7529,0.6838,0.8390000000000001,1.0,0.8362,0.5427,0.4577,0.8067,0.6973,0.3915,0.1558,0.1598,0.2161,0.5178,0.4782,0.2344,0.3599,0.2785,0.1807,0.0352,0.0473,0.0322,0.0408,0.0163,0.0088,0.0121,0.0067,0.0032,0.0109,0.0164,0.0151,0.006999999999999999,0.0085,0.0117,0.0056,R
0.009000000000000001,0.0062,0.0253,0.0489,0.1197,0.1589,0.1392,0.0987,0.0955,0.1895,0.1896,0.2547,0.4073,0.2988,0.2901,0.5326,0.4022,0.1571,0.3024,0.3907,0.3542,0.4438,0.6414,0.4601,0.6009,0.8690000000000001,0.8345,0.7669,0.5081,0.462,0.5379999999999999,0.5375,0.3844,0.3601,0.7402,0.7761,0.3858,0.0667,0.3684,0.6114,0.35100000000000003,0.2312,0.2195,0.3051,0.1937,0.157,0.0479,0.0538,0.0146,0.0068,0.0187,0.0059,0.0095,0.0194,0.008,0.0152,0.0158,0.0053,0.0189,0.0102,R
0.01,0.0275,0.019,0.0371,0.0416,0.0201,0.0314,0.0651,0.1896,0.2668,0.3376,0.3282,0.2432,0.1268,0.1278,0.4441,0.6795,0.7051,0.7966,0.9401,0.9857,0.8193,0.5789,0.6394,0.7043,0.6875,0.4081,0.1811,0.2064,0.3917,0.3791,0.2042,0.2227,0.3341,0.3984,0.5077,0.5534,0.3352,0.2723,0.2278,0.2044,0.1986,0.0835,0.0908,0.138,0.1948,0.1211,0.0843,0.0589,0.0247,0.0118,0.0088,0.0104,0.0036,0.0088,0.0047,0.0117,0.002,0.0091,0.0058,R
0.0211,0.0319,0.0415,0.0286,0.0121,0.0438,0.1299,0.139,0.0695,0.0568,0.0869,0.1935,0.1478,0.1871,0.1994,0.3283,0.6861,0.5814,0.25,0.1734,0.3363,0.5588,0.6592,0.7012,0.8099,0.8901,0.8745,0.7887,0.8725,0.9376,0.892,0.7508,0.6832,0.7609999999999999,0.9017,1.0,0.9123,0.7388,0.5915,0.4057,0.3019,0.2331,0.2931,0.2298,0.2391,0.191,0.1096,0.03,0.0171,0.0383,0.0053,0.009000000000000001,0.0042,0.0153,0.0106,0.002,0.0105,0.0049,0.006999999999999999,0.008,R
0.0265,0.044000000000000004,0.0137,0.0084,0.0305,0.0438,0.0341,0.078,0.0844,0.0779,0.0327,0.20600000000000002,0.1908,0.1065,0.1457,0.2232,0.207,0.1105,0.1078,0.1165,0.2224,0.0689,0.20600000000000002,0.2384,0.0904,0.2278,0.5872,0.8457,0.8467,0.7679,0.8055,0.626,0.6545,0.8747,0.9885,0.9348,0.696,0.5733,0.5872,0.6663,0.5651,0.5247,0.3684,0.1997,0.1512,0.0508,0.0931,0.0982,0.0524,0.0188,0.01,0.0038,0.0187,0.0156,0.0068,0.0097,0.0073,0.0081,0.0086,0.0095,R
0.0519,0.0548,0.0842,0.0319,0.1158,0.0922,0.1027,0.0613,0.1465,0.2838,0.2802,0.3086,0.2657,0.3801,0.5626,0.4376,0.2617,0.1199,0.6676,0.9402,0.7832,0.5352,0.6809,0.9174,0.7613,0.8220000000000001,0.8872,0.6091,0.2967,0.1103,0.1318,0.0624,0.099,0.4006,0.3666,0.105,0.1915,0.39299999999999996,0.4288,0.2546,0.1151,0.2196,0.1879,0.1437,0.2146,0.23600000000000002,0.1125,0.0254,0.0285,0.0178,0.0052,0.0081,0.012,0.0045,0.0121,0.0097,0.0085,0.0047,0.0048,0.0053,R
0.0135,0.0045,0.0051,0.0289,0.0561,0.0929,0.1031,0.0883,0.1596,0.1908,0.1576,0.1112,0.1197,0.1174,0.1415,0.2215,0.2658,0.2713,0.3862,0.5717,0.6797,0.8747,1.0,0.8948,0.8420000000000001,0.9174,0.9307,0.905,0.8228,0.6986,0.5831,0.4924,0.4563,0.5159,0.5670000000000001,0.5284,0.5144,0.3742,0.2282,0.1193,0.1088,0.0431,0.107,0.0583,0.0046,0.0473,0.0408,0.028999999999999998,0.0192,0.0094,0.0025,0.0037,0.0084,0.0102,0.0096,0.0024,0.0037,0.0028,0.003,0.003,R
0.0195,0.0142,0.0181,0.0406,0.0391,0.0249,0.0892,0.0973,0.084,0.1191,0.1522,0.1322,0.1434,0.1244,0.0653,0.08900000000000001,0.1226,0.1846,0.38799999999999996,0.3658,0.2297,0.261,0.4193,0.5848,0.5643,0.5448,0.4772,0.6897,0.9797,1.0,0.9546,0.8835,0.7662,0.6547,0.5447,0.4593,0.4679,0.1987,0.0699,0.1493,0.1713,0.1654,0.26,0.3846,0.3754,0.2414,0.1077,0.0224,0.0155,0.0187,0.0125,0.0028,0.0067,0.012,0.0012,0.0022,0.0058,0.0042,0.0067,0.0012,R
0.0333,0.0221,0.027000000000000003,0.0481,0.0679,0.0981,0.0843,0.1172,0.0759,0.092,0.1475,0.0522,0.1119,0.09699999999999999,0.1174,0.1678,0.1642,0.1205,0.0494,0.1544,0.3485,0.6146,0.9146,0.9364,0.8677,0.8772,0.8553,0.8833,1.0,0.8296,0.6601,0.5499,0.5716,0.6859,0.6825,0.5142,0.275,0.1358,0.1551,0.2646,0.1994,0.1883,0.2746,0.1651,0.0575,0.0695,0.0598,0.0456,0.0021,0.0068,0.0036,0.0022,0.0032,0.006,0.0054,0.0063,0.0143,0.0132,0.0051,0.0041,R
0.0125,0.0152,0.0218,0.0175,0.0362,0.0696,0.0873,0.0616,0.1252,0.1302,0.0888,0.05,0.0628,0.1274,0.0801,0.0742,0.2048,0.295,0.3193,0.4567,0.5959,0.7101,0.8225,0.8425,0.9065,0.9802,1.0,0.8752,0.7583,0.6616,0.5786,0.5128,0.4776,0.4994,0.5197,0.5071,0.4577,0.3505,0.1845,0.18899999999999997,0.1967,0.1041,0.055,0.0492,0.0622,0.0505,0.0247,0.0219,0.0102,0.0047,0.0019,0.0041,0.0074,0.003,0.005,0.0048,0.0017,0.0041,0.0086,0.0058,R
0.0239,0.0189,0.0466,0.044000000000000004,0.0657,0.0742,0.138,0.1099,0.1384,0.1376,0.0938,0.0259,0.1499,0.2851,0.5743,0.8278,0.8669,0.8131,0.9045,0.9046,1.0,0.9976,0.9872,0.9761,0.9009,0.9724,0.9675,0.7633,0.4434,0.3822,0.4727,0.4007,0.3381,0.3172,0.2222,0.0733,0.2692,0.1888,0.0712,0.1062,0.0694,0.03,0.0893,0.1459,0.1348,0.0391,0.0546,0.0469,0.0201,0.0095,0.0155,0.0091,0.0151,0.008,0.0018,0.0078,0.0045,0.0026,0.0036,0.0024,R
0.0378,0.0318,0.0423,0.035,0.1787,0.1635,0.0887,0.0817,0.1779,0.2053,0.3135,0.3118,0.3686,0.3885,0.585,0.7868,0.9739,1.0,0.9843,0.861,0.8443,0.9061,0.5847,0.4033,0.5946,0.6793,0.6389,0.5002,0.5578,0.4831,0.4729,0.3318,0.3969,0.3894,0.2314,0.1036,0.1312,0.0864,0.2569,0.3179,0.2649,0.2714,0.1713,0.0584,0.12300000000000001,0.22,0.2198,0.1074,0.0423,0.0162,0.0093,0.0046,0.0044,0.0078,0.0102,0.0065,0.0061,0.0062,0.0043,0.0053,R
0.0093,0.0185,0.0056,0.0064,0.026000000000000002,0.0458,0.047,0.0057,0.0425,0.064,0.0888,0.1599,0.1541,0.2768,0.2176,0.2799,0.3491,0.2824,0.2479,0.3005,0.43,0.4684,0.452,0.5026,0.6217,0.6571,0.6632,0.7321,0.8534,1.0,0.8448,0.6354,0.6308,0.6211,0.6976,0.5868,0.4889,0.3683,0.2043,0.1469,0.222,0.1449,0.149,0.1211,0.1144,0.0791,0.0365,0.0152,0.0085,0.012,0.0022,0.0069,0.0064,0.0129,0.0114,0.0054,0.0089,0.005,0.0058,0.0025,R
0.0087,0.0046,0.0081,0.023,0.0586,0.0682,0.0993,0.0717,0.0576,0.0818,0.1315,0.1862,0.2789,0.2579,0.22399999999999998,0.2568,0.2933,0.2991,0.3924,0.4691,0.5665,0.6464,0.6774,0.7577,0.8856,0.9419,1.0,0.8564,0.679,0.5587,0.4147,0.2946,0.2025,0.0688,0.1171,0.2157,0.2216,0.2776,0.2309,0.1444,0.1513,0.1745,0.1756,0.1424,0.0908,0.0138,0.0469,0.048,0.0159,0.0045,0.0015,0.0052,0.0038,0.0079,0.0114,0.005,0.003,0.0064,0.0058,0.003,R
0.0239,0.0189,0.0466,0.044000000000000004,0.0657,0.0742,0.138,0.1099,0.1384,0.1376,0.0938,0.0259,0.1499,0.2851,0.5743,0.8278,0.8669,0.8131,0.9045,0.9046,1.0,0.9976,0.9872,0.9761,0.9009,0.9724,0.9675,0.7633,0.4434,0.3822,0.4727,0.4007,0.3381,0.3172,0.2222,0.0733,0.2692,0.1888,0.0712,0.1062,0.0694,0.03,0.0893,0.1459,0.1348,0.0391,0.0546,0.0469,0.0201,0.0095,0.0155,0.0091,0.0151,0.008,0.0018,0.0078,0.0045,0.0026,0.0036,0.0024,R
0.0126,0.0519,0.0621,0.0518,0.1072,0.2587,0.2304,0.2067,0.3416,0.4284,0.3015,0.1207,0.3299,0.5707,0.6962,0.9751,1.0,0.9293,0.621,0.4586,0.5001,0.5032,0.7082,0.8420000000000001,0.8109,0.769,0.8105,0.6203,0.2356,0.2595,0.6299,0.6762,0.2903,0.4393,0.8529,0.718,0.4801,0.5856,0.4993,0.2866,0.0601,0.1167,0.2737,0.2812,0.2078,0.066,0.0491,0.0345,0.0172,0.0287,0.0027,0.0208,0.0048,0.0199,0.0126,0.0022,0.0037,0.0034,0.0114,0.0077,R
0.0135,0.0045,0.0051,0.0289,0.0561,0.0929,0.1031,0.0883,0.1596,0.1908,0.1576,0.1112,0.1197,0.1174,0.1415,0.2215,0.2658,0.2713,0.3862,0.5717,0.6797,0.8747,1.0,0.8948,0.8420000000000001,0.9174,0.9307,0.905,0.8228,0.6986,0.5831,0.4924,0.4563,0.5159,0.5670000000000001,0.5284,0.5144,0.3742,0.2282,0.1193,0.1088,0.0431,0.107,0.0583,0.0046,0.0473,0.0408,0.028999999999999998,0.0192,0.0094,0.0025,0.0037,0.0084,0.0102,0.0096,0.0024,0.0037,0.0028,0.003,0.003,R
0.0308,0.0339,0.0202,0.0889,0.157,0.175,0.092,0.1353,0.1593,0.2795,0.3336,0.294,0.1608,0.3335,0.4985,0.7295,0.735,0.8253,0.8793,0.9657,1.0,0.8707,0.6471,0.5973,0.8218,0.7755,0.6111,0.4195,0.299,0.1354,0.2438,0.5624,0.5555,0.6963,0.7298,0.7022,0.5468,0.1421,0.4738,0.6409999999999999,0.4375,0.3178,0.2377,0.2808,0.1374,0.1136,0.1034,0.0688,0.0422,0.0117,0.006999999999999999,0.0167,0.0127,0.0138,0.009000000000000001,0.0051,0.0029,0.0122,0.0056,0.002,R
0.009000000000000001,0.0062,0.0253,0.0489,0.1197,0.1589,0.1392,0.0987,0.0955,0.1895,0.1896,0.2547,0.4073,0.2988,0.2901,0.5326,0.4022,0.1571,0.3024,0.3907,0.3542,0.4438,0.6414,0.4601,0.6009,0.8690000000000001,0.8345,0.7669,0.5081,0.462,0.5379999999999999,0.5375,0.3844,0.3601,0.7402,0.7761,0.3858,0.0667,0.3684,0.6114,0.35100000000000003,0.2312,0.2195,0.3051,0.1937,0.157,0.0479,0.0538,0.0146,0.0068,0.0187,0.0059,0.0095,0.0194,0.008,0.0152,0.0158,0.0053,0.0189,0.0102,R
0.0333,0.0221,0.027000000000000003,0.0481,0.0679,0.0981,0.0843,0.1172,0.0759,0.092,0.1475,0.0522,0.1119,0.09699999999999999,0.1174,0.1678,0.1642,0.1205,0.0494,0.1544,0.3485,0.6146,0.9146,0.9364,0.8677,0.8772,0.8553,0.8833,1.0,0.8296,0.6601,0.5499,0.5716,0.6859,0.6825,0.5142,0.275,0.1358,0.1551,0.2646,0.1994,0.1883,0.2746,0.1651,0.0575,0.0695,0.0598,0.0456,0.0021,0.0068,0.0036,0.0022,0.0032,0.006,0.0054,0.0063,0.0143,0.0132,0.0051,0.0041,R
0.0079,0.0086,0.0055,0.025,0.0344,0.0546,0.0528,0.0958,0.1009,0.124,0.1097,0.1215,0.1874,0.3383,0.3227,0.2723,0.3943,0.6432,0.7271,0.8673,0.9674,0.9847,0.948,0.8036,0.6833,0.5136,0.309,0.0832,0.4019,0.2344,0.1905,0.1235,0.1717,0.2351,0.2489,0.3649,0.3382,0.1589,0.0989,0.1089,0.1043,0.0839,0.1391,0.0819,0.0678,0.0663,0.1202,0.0692,0.0152,0.0266,0.0174,0.0176,0.0127,0.0088,0.0098,0.0019,0.0059,0.0058,0.0059,0.0032,R
0.0119,0.0582,0.0623,0.06,0.1397,0.1883,0.1422,0.1447,0.0487,0.0864,0.2143,0.37200000000000005,0.2665,0.2113,0.1103,0.1136,0.1934,0.4142,0.3279,0.6222,0.7468,0.7676,0.7867,0.8253,1.0,0.9481,0.7539,0.6008,0.5437,0.5387,0.5619,0.5141,0.6084,0.5621,0.5956,0.6078,0.5025,0.2829,0.0477,0.2811,0.3422,0.5147,0.4372,0.247,0.1708,0.1343,0.0838,0.0755,0.0304,0.0074,0.0069,0.0025,0.0103,0.0074,0.0123,0.0069,0.0076,0.0073,0.003,0.0138,R
0.0135,0.0045,0.0051,0.0289,0.0561,0.0929,0.1031,0.0883,0.1596,0.1908,0.1576,0.1112,0.1197,0.1174,0.1415,0.2215,0.2658,0.2713,0.3862,0.5717,0.6797,0.8747,1.0,0.8948,0.8420000000000001,0.9174,0.9307,0.905,0.8228,0.6986,0.5831,0.4924,0.4563,0.5159,0.5670000000000001,0.5284,0.5144,0.3742,0.2282,0.1193,0.1088,0.0431,0.107,0.0583,0.0046,0.0473,0.0408,0.028999999999999998,0.0192,0.0094,0.0025,0.0037,0.0084,0.0102,0.0096,0.0024,0.0037,0.0028,0.003,0.003,R
0.0126,0.0519,0.0621,0.0518,0.1072,0.2587,0.2304,0.2067,0.3416,0.4284,0.3015,0.1207,0.3299,0.5707,0.6962,0.9751,1.0,0.9293,0.621,0.4586,0.5001,0.5032,0.7082,0.8420000000000001,0.8109,0.769,0.8105,0.6203,0.2356,0.2595,0.6299,0.6762,0.2903,0.4393,0.8529,0.718,0.4801,0.5856,0.4993,0.2866,0.0601,0.1167,0.2737,0.2812,0.2078,0.066,0.0491,0.0345,0.0172,0.0287,0.0027,0.0208,0.0048,0.0199,0.0126,0.0022,0.0037,0.0034,0.0114,0.0077,R
0.0108,0.0086,0.0058,0.046,0.0752,0.0887,0.1015,0.0494,0.0472,0.0393,0.1106,0.1412,0.2202,0.2976,0.4116,0.4754,0.539,0.6279,0.706,0.7918,0.9493,1.0,0.9645,0.9432,0.8658,0.7895,0.6501,0.4492,0.4739,0.6153,0.4929,0.3195,0.3735,0.3336,0.1052,0.0671,0.0379,0.0461,0.1694,0.2169,0.1677,0.0644,0.0159,0.0778,0.0653,0.021,0.0509,0.0387,0.0262,0.0101,0.0161,0.0029,0.0078,0.0114,0.0083,0.0058,0.0003,0.0023,0.0026,0.0027,R
0.0459,0.0437,0.0347,0.0456,0.0067,0.08900000000000001,0.1798,0.1741,0.1598,0.1408,0.2693,0.3259,0.4545,0.5785,0.4471,0.2231,0.2164,0.3201,0.2915,0.4235,0.446,0.23800000000000002,0.6415,0.8966,0.8918,0.7529,0.6838,0.8390000000000001,1.0,0.8362,0.5427,0.4577,0.8067,0.6973,0.3915,0.1558,0.1598,0.2161,0.5178,0.4782,0.2344,0.3599,0.2785,0.1807,0.0352,0.0473,0.0322,0.0408,0.0163,0.0088,0.0121,0.0067,0.0032,0.0109,0.0164,0.0151,0.006999999999999999,0.0085,0.0117,0.0056,R
0.0131,0.0068,0.0308,0.0311,0.0085,0.0767,0.0771,0.064,0.0726,0.0901,0.075,0.0844,0.1226,0.1619,0.2317,0.2934,0.3526,0.3657,0.3221,0.3093,0.4084,0.4285,0.4663,0.5956,0.6948,0.8386,0.8875,0.6404,0.3308,0.3425,0.49200000000000005,0.4592,0.3034,0.4366,0.5175,0.5122,0.4746,0.4902,0.4603,0.446,0.4196,0.2873,0.2296,0.0949,0.0095,0.0527,0.0383,0.0107,0.0108,0.0077,0.0109,0.0062,0.0028,0.004,0.0075,0.0039,0.0053,0.0013,0.0052,0.0023,R
0.0333,0.0221,0.027000000000000003,0.0481,0.0679,0.0981,0.0843,0.1172,0.0759,0.092,0.1475,0.0522,0.1119,0.09699999999999999,0.1174,0.1678,0.1642,0.1205,0.0494,0.1544,0.3485,0.6146,0.9146,0.9364,0.8677,0.8772,0.8553,0.8833,1.0,0.8296,0.6601,0.5499,0.5716,0.6859,0.6825,0.5142,0.275,0.1358,0.1551,0.2646,0.1994,0.1883,0.2746,0.1651,0.0575,0.0695,0.0598,0.0456,0.0021,0.0068,0.0036,0.0022,0.0032,0.006,0.0054,0.0063,0.0143,0.0132,0.0051,0.0041,R
0.0126,0.0519,0.0621,0.0518,0.1072,0.2587,0.2304,0.2067,0.3416,0.4284,0.3015,0.1207,0.3299,0.5707,0.6962,0.9751,1.0,0.9293,0.621,0.4586,0.5001,0.5032,0.7082,0.8420000000000001,0.8109,0.769,0.8105,0.6203,0.2356,0.2595,0.6299,0.6762,0.2903,0.4393,0.8529,0.718,0.4801,0.5856,0.4993,0.2866,0.0601,0.1167,0.2737,0.2812,0.2078,0.066,0.0491,0.0345,0.0172,0.0287,0.0027,0.0208,0.0048,0.0199,0.0126,0.0022,0.0037,0.0034,0.0114,0.0077,R
